-1.503777872017845185e+00
-1.500570509279004927e+00
-1.495253805818710813e+00
-1.487749084494892848e+00
-1.478122170916119416e+00
-1.466482267117065419e+00
-1.453335658217028481e+00
-1.436474601338627366e+00
-1.419440655571793997e+00
-1.397679179631168722e+00
-1.376590061067737736e+00
-1.349556537468430406e+00
-1.322807220830028996e+00
-1.292222283788149184e+00
-1.256387548107127827e+00
-1.217662044481642170e+00
-1.173604114893166184e+00
-1.120812014604638307e+00
-1.061908100231420349e+00
-9.872272492264926314e-01
-8.997153467046246078e-01
-7.994717189602340568e-01
-6.641541289457677522e-01
-5.030612810983257077e-01
-3.085129821615737455e-01
-6.994055636283746935e-02
2.298573153702534455e-01
5.945306211852425804e-01
1.036562672794900664e+00
1.577397377116994903e+00
2.232082907287860962e+00
3.010401483351131446e+00
3.947054449395579923e+00
5.059848804184127857e+00
6.376764082097338360e+00
7.924885909739657563e+00
9.734774424831982742e+00
1.181760781660966586e+01
1.421557518533978737e+01
1.696559133913143569e+01
2.010097388797782969e+01
2.366180144086376913e+01
2.768275184783658460e+01
3.217568619652865891e+01
3.717222264327699577e+01
4.271299441211726844e+01
4.878270908145805151e+01
5.538982033139029681e+01
6.255316304147254414e+01
7.026097579684278571e+01
7.850559265984884405e+01
8.726433408293246430e+01
9.654170048263256376e+01
1.062659696417210853e+02
1.163834937557282956e+02
1.268386099439202326e+02
1.375482398255029466e+02
1.483460472089991526e+02
1.590718449508808590e+02
1.695362476686592572e+02
1.795610422387586596e+02
1.889536795359366579e+02
1.974842645681599151e+02
2.049766306539473817e+02
2.112159737411199103e+02
2.160063424281189555e+02
2.190257201007697176e+02
2.199371045487023366e+02
2.184368467246948740e+02
2.141983163953799476e+02
2.069270845178185709e+02
1.963965354557747105e+02
1.823119436572690120e+02
1.645012960299428642e+02
1.427773072599630950e+02
1.168716464294712978e+02
8.655632639690895758e+01
5.153476492192919522e+01
1.166568182477578830e+01
-3.317386453697133675e+01
-8.289280258245923960e+01
-1.374435886277166219e+02
-1.968928798104816451e+02
-2.612238738375071989e+02
-3.302977203055992277e+02
-4.041227535072474666e+02
-4.828297875822880769e+02
-5.660089584805398317e+02
-6.534293766862981556e+02
-7.450595364333958059e+02
-8.404731892118272754e+02
-9.394963140709858180e+02
-1.041856802821287602e+03
-1.147119196902830708e+03
-1.254868262740473028e+03
-1.364860920691212868e+03
-1.476711559302270871e+03
-1.589977572339808830e+03
-1.704285567004809309e+03
-1.819557187029781517e+03
-1.936044330865388474e+03
-2.052642102337209963e+03
-2.169229875584232559e+03
-2.285358349202010686e+03
-2.400581502865155926e+03
-2.514715875394268551e+03
-2.627322710323606771e+03
-2.737984729935118594e+03
-2.846175777606245902e+03
-2.951625341441744240e+03
-3.054160694503913419e+03
-3.153445718166782626e+03
-3.249063356058108184e+03
-3.340557532028037713e+03
-3.427665895219392951e+03
-3.511955247624265212e+03
-3.592097272405382228e+03
-3.667542784740723619e+03
-3.738318980318641479e+03
-3.804101263884855598e+03
-3.864690613952491731e+03
-3.919997322346944657e+03
-3.969763607689091259e+03
-4.013731248585340836e+03
-4.051691111034256664e+03
-4.083603155584997694e+03
-4.109316072329480448e+03
-4.128828298418760824e+03
