3.519337005434186594e+00
1.407417941653637428e+01
3.167647362742921757e+01
5.623960546906602076e+01
8.779452406738332115e+01
1.263996537836525818e+02
1.720011055772569080e+02
2.240188137586368384e+02
2.835318943103955576e+02
3.488712830383023515e+02
4.218874903631908637e+02
5.007382954441883953e+02
5.862382666019743738e+02
6.788283626348102189e+02
7.767348605253019969e+02
8.810834408275368332e+02
9.923636944351098919e+02
1.109316248831621124e+03
1.231259475264077082e+03
1.359007035564926582e+03
1.493466416554919761e+03
1.633752981001525313e+03
1.778103565984119541e+03
1.926592412392522647e+03
2.081039516776082564e+03
2.240960471571004746e+03
2.405715711538025062e+03
2.575168600344920378e+03
2.747828622921333135e+03
2.923151234546770866e+03
3.102296708846977253e+03
3.286391830334809129e+03
3.475371254015753038e+03
3.667515867200824687e+03
3.861907548497721109e+03
4.057489984461450149e+03
4.254833940566848469e+03
4.454529040919678664e+03
4.656292489127519730e+03
4.860198580644007961e+03
5.065736606901119558e+03
5.272115161562099274e+03
5.481377757879861747e+03
5.690350666173797435e+03
5.897914777906341442e+03
6.103444889605175376e+03
6.307014121866077403e+03
6.508848771750707783e+03
6.710737268834423048e+03
6.913086187610329944e+03
7.113398629640792933e+03
7.310829703747141139e+03
7.505093192252267727e+03
7.695256677768993541e+03
7.880307259459622401e+03
8.059317070927762870e+03
8.236124033037987829e+03
8.406545325113143917e+03
8.570423128026002814e+03
8.727477092595749127e+03
8.877887392239739711e+03
9.021312334331678358e+03
9.156827547876273456e+03
9.283855250981287099e+03
9.403202128291017289e+03
9.518029732262762991e+03
9.623815745868410886e+03
9.720306667940310945e+03
9.806995484386961834e+03
9.883895623564685593e+03
9.951094077677871610e+03
1.000807533607757432e+04
1.005448853800826146e+04
1.009029875392240501e+04
1.011704679547093838e+04
1.013909455325408999e+04
1.015149749127852920e+04
1.015402135717788406e+04
1.014684771712823567e+04
1.012979854467586301e+04
1.010321272636761569e+04
1.006745938075556478e+04
1.002277347572538929e+04
9.969041604367943364e+03
9.906319338908315331e+03
9.834826098208006442e+03
9.760284550571701402e+03
9.681113432578313223e+03
9.594755412399474153e+03
9.501256038587232979e+03
9.400893277514533111e+03
9.293660577034541348e+03
9.179933242074897862e+03
9.060072119195971027e+03
8.934212712553218807e+03
8.802324111018891927e+03
8.664533607556029892e+03
8.520890761819155159e+03
8.371609323842818412e+03
8.219696975384496909e+03
8.069439427249030814e+03
7.915072804946586075e+03
7.756231829227092931e+03
7.593285951564977950e+03
7.426377341681582038e+03
7.255358121894754731e+03
7.080447061013903294e+03
6.901979105708252973e+03
6.720012547906335385e+03
6.534599393246684485e+03
6.345786013933751747e+03
6.153979082651494537e+03
5.959139015681697856e+03
5.761314230045973090e+03
5.560647322716482449e+03
5.365888782066433123e+03
5.170827251276019524e+03
4.974281727986619444e+03
4.775625558806050321e+03
4.575284946864690937e+03
4.373944155797358690e+03
4.171614258845504082e+03
3.968144544851471437e+03
3.763881187656257680e+03
3.559255378642157666e+03
3.354664424055254131e+03
3.150290018296869675e+03
2.946140678483339798e+03
