3.141592653589793394e-02
6.283185307179586787e-02
9.424777960769378793e-02
1.256637061435917357e-01
1.570796326794896558e-01
1.884955592153875759e-01
2.199114857512855514e-01
2.513274122871834715e-01
2.827433388230813915e-01
3.141592653589793116e-01
3.455751918948772317e-01
3.769911184307751517e-01
4.084070449666731273e-01
4.398229715025711029e-01
4.712388980384689674e-01
5.026548245743669430e-01
5.340707511102649185e-01
5.654866776461627831e-01
5.969026041820606476e-01
6.283185307179586232e-01
6.597344572538564877e-01
6.911503837897544633e-01
7.225663103256524389e-01
7.539822368615503034e-01
7.853981633974482790e-01
8.168140899333462546e-01
8.482300164692442301e-01
8.796459430051422057e-01
9.110618695410399592e-01
9.424777960769379348e-01
9.738937226128359104e-01
1.005309649148733886e+00
1.036725575684631862e+00
1.068141502220529837e+00
1.099557428756427591e+00
1.130973355292325566e+00
1.162389281828223542e+00
1.193805208364121295e+00
1.225221134900019271e+00
1.256637061435917246e+00
1.288052987971815222e+00
1.319468914507712975e+00
1.350884841043610951e+00
1.382300767579508927e+00
1.413716694115406902e+00
1.445132620651304878e+00
1.476548547187202853e+00
1.507964473723100607e+00
1.539380400258998582e+00
1.570796326794896558e+00
1.602212253330794534e+00
1.633628179866692509e+00
1.665044106402590485e+00
1.696460032938488460e+00
1.727875959474386436e+00
1.759291886010284411e+00
1.790707812546182165e+00
1.822123739082079918e+00
1.853539665617977894e+00
1.884955592153875870e+00
1.916371518689773845e+00
1.947787445225671821e+00
1.979203371761569574e+00
2.010619298297467772e+00
2.042035224833365525e+00
2.073451151369263723e+00
2.104867077905161477e+00
2.136283004441059674e+00
2.167698930976957428e+00
2.199114857512855181e+00
2.230530784048752935e+00
2.261946710584651132e+00
2.293362637120548886e+00
2.324778563656447083e+00
2.356194490192344837e+00
2.387610416728242591e+00
2.419026343264140788e+00
2.450442269800038542e+00
2.481858196335936739e+00
2.513274122871834493e+00
2.544690049407732690e+00
2.576105975943630444e+00
2.607521902479528642e+00
2.638937829015425951e+00
2.670353755551324149e+00
2.701769682087221902e+00
2.733185608623120100e+00
2.764601535159017853e+00
2.796017461694916051e+00
2.827433388230813804e+00
2.858849314766712002e+00
2.890265241302609756e+00
2.921681167838507953e+00
2.953097094374405707e+00
2.984513020910303460e+00
3.015928947446201214e+00
3.047344873982099411e+00
3.078760800517997165e+00
3.110176727053895362e+00
3.141592653589793116e+00
3.173008580125690870e+00
3.204424506661589067e+00
3.235840433197486821e+00
3.267256359733385018e+00
3.298672286269282772e+00
3.330088212805180969e+00
3.361504139341078723e+00
3.392920065876976921e+00
3.424335992412874674e+00
3.455751918948772872e+00
3.487167845484670625e+00
3.518583772020568823e+00
3.549999698556466576e+00
3.581415625092364330e+00
3.612831551628262527e+00
3.644247478164159837e+00
3.675663404700057590e+00
3.707079331235955788e+00
3.738495257771853542e+00
3.769911184307751739e+00
3.801327110843649493e+00
3.832743037379547690e+00
3.864158963915445444e+00
3.895574890451343641e+00
3.926990816987241395e+00
3.958406743523139149e+00
3.989822670059037346e+00
4.021238596594935544e+00
