-2094686.18125349
-1046610.28581912
-696925.962982062
-521839.533294324
-416592.260866316
-346264.567068173
-295890.918201382
-257988.547416685
-228400.362020052
-204632.106395062
-185096.526967632
-168735.454688372
-154816.310984626
-142815.825447357
-132350.266443268
-123131.835247389
-114940.450481801
-107604.937741453
-100990.159338152
-94988.0051213396
-89510.957350089
-84487.4106000054
-79858.2125639802
-75574.069652756
-71593.5752513568
-67881.6929932641
-64408.5770847774
-61148.6454170103
-58079.8444478193
-55183.0611073469
-52441.6485282977
-49841.0407017882
-47368.4371957695
-45012.5435113746
-42763.3559496073
-40611.9823335819
-38550.4918028329
-36571.7883243121
-34669.5036632327
-32837.9064082867
-31071.8243102447
-29366.5777150422
-27717.9222852718
-26121.9995323813
-24575.2939445787
-23074.5957067495
-21616.9681795338
-20199.7194435183
-18820.377327813
-17476.6674351995
-16166.4937525546
-14887.921498534
-13639.161913027
-12418.5587366715
-11224.5761653322
-10055.7880951688
-8910.86849980368
-7788.58280295417
-6687.78012842452
-5607.38632509879
-4546.39767799971
-3503.87522795502
-2478.93963224786
-1470.76650708115
-478.582199968401
498.340053547381
1460.68362900038
2409.09170336397
3344.17016798984
4266.49029186676
5176.59115981512
6074.98190749862
6962.14377273633
7838.53198049229
8704.57747706576
9560.68852737184
10407.2521877586
11244.6356655307
12073.1875752177
12893.2391006229
13705.1050707936
14509.084957263
15305.4637992009
16094.5130624834
16876.4914381219
17651.6455849878
18420.2108213145
19182.4117690522
19938.4629547826
20688.5693705726
21432.9269978489
22171.7232971064
22905.1376660231
23633.3418683334
24356.5004356142
25074.7710439603
25788.3048673593
26497.2469094321
27201.7363150673
27901.906663358
28597.8862431363
29289.7983122996
29977.7613420309
30661.8892469291
31342.2916019894
32019.0738473018
32692.3374812701
33362.1802430986
34028.6962852314
34691.9763363875
35352.1078557824
36009.1751790883
36663.2596566439
37314.43978439
37962.7913279738
38608.3874404339
39251.2987738505
39891.5935853179
40529.3378375743
41164.5952945999
41797.4276124749
42427.8944257686
43056.0534297146
43681.9604584101
44305.6695592611
44927.2330638828
45546.7016556509
46164.1244340854
