-9.595186841952920659e+05
-4.793342837290530442e+05
-3.190846658308852348e+05
-2.388170486342001532e+05
-1.905433434731398011e+05
-1.582681613998351677e+05
-1.351334775381993968e+05
-1.177082643054604705e+05
-1.040974655329833331e+05
-9.314581232406356139e+04
-8.413848787839639408e+04
-7.658275822009265539e+04
-7.014688208834698889e+04
-6.459019378646522819e+04
-5.973516179495203687e+04
-5.545255346618752810e+04
-5.164110414278056123e+04
-4.821941351198722259e+04
-4.512976097519500763e+04
-4.231945805016124359e+04
-3.975053654326609831e+04
-3.739038095732491638e+04
-3.520823324646853143e+04
-3.318348983807290642e+04
-3.130104228807950858e+04
-2.954083522780596104e+04
-2.788782250332352851e+04
-2.633388003185945126e+04
-2.486780036142290555e+04
-2.347909170282496780e+04
-2.216024249435605452e+04
-2.090718317269379622e+04
-1.971511723147007797e+04
-1.857536947195729590e+04
-1.748270040770745254e+04
-1.643263931498884631e+04
-1.542509311155561409e+04
-1.445720434869495330e+04
-1.352396147189207841e+04
-1.262238948085308766e+04
-1.174964173354987906e+04
-1.090302624564613325e+04
-1.008648220619765016e+04
-9.293395550775410811e+03
-8.521738786152931425e+03
-7.769865303215134190e+03
-7.036736950078930022e+03
-6.320907906638642089e+03
-5.624219909888648544e+03
-4.946742788620262218e+03
-4.284340108536429398e+03
-3.635741973444084579e+03
-3.000143915808741440e+03
-2.376606054520911130e+03
-1.764087455280430731e+03
-1.161941834987466791e+03
-5.753009201642144035e+02
8.718211110681295395e-01
5.671733425415986858e+02
1.124309307920257197e+03
1.672466115972642001e+03
2.212069108317489736e+03
2.743884195709224514e+03
3.268354630722731599e+03
3.784432549441791707e+03
4.289101678956931210e+03
4.786698629768759929e+03
5.277542466471553780e+03
5.762143478344689356e+03
6.240634907344119711e+03
6.713126168161204987e+03
7.180061855348752943e+03
7.641816625961300815e+03
8.098598524432027261e+03
8.549240258767440537e+03
8.990433293157537264e+03
9.426559275506668200e+03
9.858064197860890999e+03
1.028507255227123460e+04
1.070800392986110455e+04
1.112696058566011743e+04
1.154201883278648711e+04
1.195336379693863091e+04
1.236136287692852602e+04
1.276628519068030982e+04
1.316833006206813661e+04
1.356355358341476312e+04
1.395353215682266455e+04
1.434054354586655245e+04
1.472493705548048456e+04
1.510679117419165959e+04
1.548645076684582455e+04
1.586395356830598212e+04
1.623930542919708569e+04
1.661268342155902064e+04
1.698437204284924519e+04
1.735457413426904532e+04
1.772344139453242315e+04
1.809107119828966825e+04
1.845552615792003417e+04
1.881390642050184397e+04
1.917064479843312802e+04
1.952630111751830555e+04
1.988074488734695478e+04
2.023403743114246026e+04
2.058650717427560085e+04
2.093818956386072750e+04
2.128894023562506482e+04
2.163885618972429802e+04
2.198806341965814863e+04
2.233671552669647645e+04
2.268470014992438519e+04
2.303218817622154529e+04
2.337928469935672183e+04
2.372607913746751728e+04
2.406667744126624893e+04
2.440545866080403357e+04
2.474348315223005920e+04
2.508145656504451108e+04
2.541911744031800481e+04
2.575622567930887453e+04
2.609298825047008359e+04
2.642943633347345531e+04
2.676556188400000610e+04
2.710136073835404022e+04
2.743661601043060000e+04
2.777133949541269976e+04
2.810566624206380220e+04
