1.279644623555907429e-09
2.204817681540489564e-08
2.473474596005520195e-07
1.687260834354930036e-06
7.821197462669022277e-06
2.772226702677684285e-05
8.110362939924729223e-05
2.052557417272172157e-04
4.669398465129681033e-04
9.707428663828613106e-04
1.886359638576435216e-03
3.451291685958790632e-03
6.014863583401365045e-03
1.006305104081685851e-02
1.621423916185942352e-02
2.532590644800611704e-02
3.850865122870471280e-02
5.710154123037911034e-02
8.277586497338196292e-02
1.176607922179045834e-01
1.644096815604552397e-01
2.260594457916486333e-01
3.059891988468296242e-01
4.084015167364026810e-01
5.386560375157166680e-01
7.024482928750800381e-01
9.061812963967192935e-01
1.157420404698918492e+00
1.464061110614239158e+00
1.835120854849831007e+00
2.281574404567315195e+00
2.816161206497314495e+00
3.452369445043185880e+00
4.202741409963517860e+00
5.081241268115265441e+00
6.102756042531422231e+00
7.286851361003168215e+00
8.654218093868932371e+00
1.022509038607393173e+01
1.202052196474140722e+01
1.406136857585857136e+01
1.636769576928461234e+01
1.897509702286358291e+01
2.189661877460099149e+01
2.515421858402964261e+01
2.877162142468898054e+01
3.277690893718762055e+01
3.719499596821722065e+01
4.207260057706319856e+01
4.744031511215371921e+01
5.330379574400294729e+01
5.967485864267460727e+01
6.656705059359367738e+01
7.398644245711294332e+01
8.193418364690933231e+01
9.040967494968391804e+01
9.950144420474296680e+01
1.091596018652417968e+02
1.193987691224636762e+02
1.302019431826293783e+02
1.415901209789612949e+02
1.535427821487087954e+02
1.660027515854079923e+02
1.789322614473247199e+02
1.923183741171640406e+02
2.062225334383402355e+02
2.204860910441984458e+02
2.350866036801023427e+02
2.499324508383957379e+02
2.650114175164644621e+02
2.802871899045032364e+02
2.956439908682110058e+02
3.110002779599439009e+02
3.262637110752629042e+02
3.414137702082374517e+02
3.566030257623353918e+02
3.715320085736352098e+02
3.861979346477576200e+02
4.005672913551599663e+02
4.145616278646540991e+02
4.280487827120140309e+02
4.409551079086179470e+02
4.532692003254226165e+02
4.649049640569138546e+02
4.758050182259573262e+02
4.860325579711355886e+02
4.958469422972581810e+02
5.050005012167028440e+02
5.133662788296979897e+02
5.210565693133343075e+02
5.279585627405321020e+02
5.341240374643715541e+02
5.396263364514302339e+02
5.443803953644119247e+02
5.483351552838469161e+02
5.515640244923223463e+02
5.540727597759383798e+02
5.558831957327464579e+02
5.570630421417578191e+02
5.575694818461605564e+02
5.573723225177435552e+02
5.564318361435223323e+02
5.550179927125852828e+02
5.531458095369872581e+02
5.507636111289011751e+02
5.480501851519774164e+02
5.450211848438783591e+02
5.415858287435469265e+02
5.376690753962245708e+02
5.333664989740801730e+02
5.289095559850195514e+02
5.242948383043703870e+02
5.194911847327515488e+02
5.144945391428109360e+02
5.093487778275851952e+02
5.025145463772998937e+02
4.950707522677670340e+02
4.872576377696289001e+02
4.796570623501722253e+02
4.721609541305815583e+02
4.646469670402035490e+02
4.572381066121682807e+02
4.500328511372272260e+02
4.429807447734225434e+02
4.359470073345352148e+02
4.288525283615740591e+02
4.216242719853895551e+02
4.146271960233425489e+02
