-1.025422423101550085e+06
-5.122861531821820536e+05
-3.410525787996379077e+05
-2.552929833607646578e+05
-2.037240912543914164e+05
-1.692521178842115041e+05
-1.445482973819505423e+05
-1.259462316687427228e+05
-1.114201031892342289e+05
-9.973618621468936908e+04
-9.012973686987439578e+04
-8.207473646228082362e+04
-7.521640046575144515e+04
-6.929760370834080095e+04
-6.412874438870257291e+04
-5.957153714782865427e+04
-5.551779466667809174e+04
-5.188073234011267050e+04
-4.859837881236648536e+04
-4.561464499547414744e+04
-4.288880982451648015e+04
-4.038600545306391723e+04
-3.807361319891452877e+04
-3.592947895916699053e+04
-3.393719184432982729e+04
-3.207559441650819281e+04
-3.032870172207382348e+04
-2.868758499279723765e+04
-2.714034308232835610e+04
-2.567588299970023581e+04
-2.428616955584824973e+04
-2.296667501351435931e+04
-2.171220022862941187e+04
-2.051371473390606116e+04
-1.936566437645768019e+04
-1.826329872905157026e+04
-1.720627524415718290e+04
-1.619151326728069034e+04
-1.521380093102689898e+04
-1.426998295350953777e+04
-1.335704999955617131e+04
-1.247216288627132417e+04
-1.161912729704086087e+04
-1.079120779864491124e+04
-9.986266317403109497e+03
-9.202555279438134676e+03
-8.438944160850376647e+03
-7.693902467185684145e+03
-6.969194173281669464e+03
-6.264817566745422482e+03
-5.576570283168939568e+03
-4.903121567795200463e+03
-4.243610687624930506e+03
-3.597045663896059523e+03
-2.962337253576030889e+03
-2.338794315456359982e+03
-1.731506865888039101e+03
-1.135399539341656237e+03
-5.498391812932827634e+02
2.591365948262364327e+01
5.920769535749698207e+02
1.149105577571392814e+03
1.697793101959097385e+03
2.238608710312450057e+03
2.770528873960899091e+03
3.290560180377264260e+03
3.803060735645506156e+03
4.308369835497171152e+03
4.807016827529356306e+03
5.299152922969004976e+03
5.784904493425176042e+03
6.264732148317391875e+03
6.739025682039958156e+03
7.208007458131243766e+03
7.670523740017333694e+03
8.123278833864668741e+03
8.570666562438382243e+03
9.013144468293479804e+03
9.450848009154044121e+03
9.884207193532878591e+03
1.031333417941001790e+04
1.073831469978334098e+04
1.115934284626082444e+04
1.157679455661593056e+04
1.199094708590080336e+04
1.240200751664653217e+04
1.280603934311294688e+04
1.320462603288791433e+04
1.360005209748163179e+04
1.399267328985539643e+04
1.438257426313387987e+04
1.477010577873432521e+04
1.515531121447525038e+04
1.553820182381136146e+04
1.591895985412472510e+04
1.629787476257572416e+04
1.667515414554473682e+04
1.705095426283591223e+04
1.742537686590322483e+04
1.779648876885745267e+04
1.816139415410325091e+04
1.852452971111687293e+04
1.888645899221482978e+04
1.924705509017139775e+04
1.960638277489238317e+04
1.996477378836750722e+04
2.032226677034429667e+04
2.067872043093749016e+04
2.103423473186872070e+04
2.138893852051034992e+04
2.174298814916262199e+04
2.209627390968993859e+04
2.244896924784758085e+04
2.280118172649481130e+04
2.315300314697831709e+04
2.349854176103988721e+04
2.384217884109242732e+04
2.418497689031261689e+04
2.452764363305914958e+04
2.486991961609918872e+04
2.521156668008360066e+04
2.555279366927124647e+04
2.589363357813802577e+04
2.623408011862695639e+04
2.657413082710397430e+04
2.691357046355553757e+04
2.725241241741066915e+04
2.759079328185866325e+04
