$
$ Data for DIODORE input file : WAVEBOT
$ GENERATED BY MESHMAGICK ON Thu Jul 18 09:58:33 2024
$
$ NODE
       1 -8.80000E-01 -2.15531E-16 -1.60000E-01
       2 -8.80000E-01 -2.15531E-16 -7.50000E-02
       3 -8.80000E-01 -2.15531E-16  1.00000E-02
       4 -8.77757E-01  6.27918E-02 -1.17500E-01
       5 -8.77438E-01 -6.70947E-02 -4.17503E-02
       6 -8.77252E-01 -6.94863E-02 -1.05966E-01
       7 -8.77112E-01  7.12409E-02 -5.06708E-02
       8 -8.71043E-01 -1.25237E-01 -1.60000E-01
       9 -8.71043E-01 -1.25237E-01  1.00000E-02
      10 -8.71043E-01  1.25237E-01 -1.60000E-01
      11 -8.71043E-01  1.25237E-01  1.00000E-02
      12 -8.63438E-01 -1.69925E-01 -7.50028E-02
      13 -8.63437E-01  1.69929E-01 -7.49948E-02
      14 -8.44354E-01 -2.47925E-01 -1.60000E-01
      15 -8.44354E-01 -2.47925E-01  1.00000E-02
      16 -8.44354E-01  2.47925E-01 -1.60000E-01
      17 -8.44354E-01  2.47925E-01  1.00000E-02
      18 -8.25478E-01 -3.04936E-01 -7.50009E-02
      19 -8.25478E-01  3.04937E-01 -7.50002E-02
      20 -8.14479E-01  7.98403E-02 -2.03015E-01
      21 -8.13168E-01 -7.81753E-02 -2.04039E-01
      22 -8.00476E-01 -3.65565E-01 -1.60000E-01
      23 -8.00476E-01 -3.65565E-01  1.00000E-02
      24 -8.00476E-01  3.65565E-01 -1.60000E-01
      25 -8.00476E-01  3.65565E-01  1.00000E-02
      26 -7.99505E-01  5.71817E-02  1.00000E-02
      27 -7.91667E-01 -1.93896E-16 -2.21667E-01
      28 -7.88418E-01 -1.70425E-01 -2.11223E-01
      29 -7.87281E-01  1.65910E-01 -2.12656E-01
      30 -7.77884E-01 -4.52325E-02  1.00000E-02
      31 -7.72358E-01 -4.21739E-01 -7.50106E-02
      32 -7.72358E-01  4.21739E-01 -7.49988E-02
      33 -7.51448E-01 -1.63467E-01  1.00000E-02
      34 -7.51151E-01  1.63262E-01  1.00000E-02
      35 -7.50161E-01  2.79744E-01  1.00000E-02
      36 -7.45597E-01  9.32369E-02 -2.49774E-01
      37 -7.41845E-01 -8.95438E-02 -2.52689E-01
      38 -7.40535E-01 -2.78448E-01 -2.22024E-01
      39 -7.40303E-01 -4.75764E-01 -1.60000E-01
      40 -7.40303E-01 -4.75764E-01  1.00000E-02
      41 -7.40303E-01  4.75764E-01 -1.60000E-01
      42 -7.40303E-01  4.75764E-01  1.00000E-02
      43 -7.35657E-01  2.77404E-01 -2.25468E-01
      44 -7.13618E-01 -2.78875E-01  1.00000E-02
      45 -7.09568E-01  3.87454E-01 -2.09943E-01
      46 -7.04476E-01 -5.27364E-01 -7.50232E-02
      47 -7.04476E-01  5.27364E-01 -7.50227E-02
      48 -7.03333E-01 -1.72261E-16 -2.83333E-01
      49 -6.98641E-01  4.08719E-02  1.00000E-02
      50 -6.97472E-01  1.75002E-01 -2.72332E-01
      51 -6.91119E-01 -1.89046E-01 -2.74136E-01
      52 -6.86675E-01  3.62614E-01  1.00000E-02
      53 -6.77862E-01 -3.86725E-01 -2.29519E-01
      54 -6.72479E-01 -3.79608E-01  1.00000E-02
      55 -6.65060E-01 -5.76277E-01 -1.60000E-01
      56 -6.65060E-01 -5.76277E-01  1.00000E-02
      57 -6.65060E-01  5.76277E-01 -1.60000E-01
      58 -6.65060E-01  5.76277E-01  1.00000E-02
      59 -6.64262E-01 -7.79575E-02  1.00000E-02
      60 -6.57275E-01  8.73131E-02 -3.11457E-01
      61 -6.53095E-01 -9.13784E-02 -3.13964E-01
      62 -6.49997E-01  2.52342E-01  1.00000E-02
      63 -6.42523E-01  2.55714E-01 -2.91568E-01
      64 -6.38255E-01  3.48542E-01 -2.66656E-01
      65 -6.34982E-01 -4.85474E-01 -2.16335E-01
      66 -6.32167E-01 -2.00010E-01  1.00000E-02
      67 -6.31525E-01 -4.81545E-01  1.00000E-02
      68 -6.24514E-01 -2.91876E-01 -2.93092E-01
      69 -6.22254E-01 -6.22254E-01 -7.50296E-02
      70 -6.22254E-01  6.22254E-01 -7.50296E-02
      71 -6.19524E-01  1.33469E-01  1.00000E-02
      72 -6.17279E-01  4.59722E-01 -2.37029E-01
      73 -6.15000E-01 -1.50627E-16 -3.45000E-01
      74 -6.12591E-01  4.59914E-01  1.00000E-02
      75 -5.93841E-01 -1.99917E-01 -3.36909E-01
      76 -5.93745E-01  1.89945E-01 -3.39144E-01
      77 -5.80786E-01 -3.16676E-01  1.00000E-02
      78 -5.79518E-01  1.45090E-02  1.00000E-02
      79 -5.76277E-01 -6.65060E-01 -1.60000E-01
      80 -5.76277E-01 -6.65060E-01  1.00000E-02
      81 -5.76277E-01  6.65060E-01 -1.60000E-01
      82 -5.76277E-01  6.65060E-01  1.00000E-02
      83 -5.75632E-01 -3.98576E-01 -2.85553E-01
      84 -5.68346E-01  9.31949E-02 -3.72271E-01
      85 -5.67383E-01  5.67077E-01 -2.14324E-01
      86 -5.66647E-01 -9.57082E-02 -3.73153E-01
      87 -5.62739E-01  3.40895E-01  1.00000E-02
      88 -5.57622E-01 -4.23576E-01  1.00000E-02
      89 -5.57187E-01  3.03063E-01 -3.31544E-01
      90 -5.54318E-01 -5.74373E-01 -2.17084E-01
      91 -5.44675E-01 -5.37518E-01  1.00000E-02
      92 -5.43478E-01 -1.11719E-01  1.00000E-02
      93 -5.36097E-01  4.11382E-01 -3.02591E-01
      94 -5.27364E-01 -7.04476E-01 -7.50296E-02
      95 -5.27364E-01  7.04476E-01 -7.50230E-02
      96 -5.26667E-01 -1.28992E-16 -4.06667E-01
      97 -5.24586E-01  2.19227E-01  1.00000E-02
      98 -5.21897E-01 -3.01205E-01 -3.53672E-01
      99 -5.13507E-01  5.47068E-01  1.00000E-02
     100 -5.08218E-01 -2.33419E-01  1.00000E-02
     101 -5.07028E-01  5.05693E-01 -2.74419E-01
     102 -5.00959E-01  1.53696E-01 -4.08524E-01
     103 -4.99213E-01  7.16565E-02 -4.22261E-01
     104 -4.96936E-01 -4.93674E-01 -2.85332E-01
     105 -4.96219E-01 -8.19935E-02 -4.23225E-01
     106 -4.94654E-01 -1.97271E-01 -4.02566E-01
     107 -4.88797E-01  9.82023E-02  1.00000E-02
     108 -4.86788E-01 -6.52772E-01 -2.05871E-01
     109 -4.81468E-01  6.34640E-01 -2.18219E-01
     110 -4.77840E-01  2.57566E-01 -3.95378E-01
     111 -4.75764E-01 -7.40303E-01 -1.60000E-01
     112 -4.75764E-01 -7.40303E-01  1.00000E-02
     113 -4.75764E-01  7.40303E-01 -1.60000E-01
     114 -4.75764E-01  7.40303E-01  1.00000E-02
     115 -4.73159E-01  4.31144E-01  1.00000E-02
     116 -4.72895E-01 -3.54677E-01  1.00000E-02
     117 -4.63673E-01  6.34551E-01  1.00000E-02
     118 -4.58423E-01 -4.03732E-01 -3.47890E-01
     119 -4.55239E-01  3.63164E-01 -3.67794E-01
     120 -4.53562E-01 -2.42158E-02  1.00000E-02
     121 -4.43375E-01 -4.71434E-01  1.00000E-02
     122 -4.38333E-01 -1.07357E-16 -4.68333E-01
     123 -4.37624E-01 -6.05967E-01  1.00000E-02
     124 -4.34030E-01 -5.93090E-01 -2.61268E-01
     125 -4.31197E-01  4.71103E-01 -3.28492E-01
     126 -4.29609E-01  1.09451E-01 -4.64844E-01
     127 -4.27122E-01  3.06531E-01  1.00000E-02
     128 -4.24719E-01 -1.08047E-01 -4.68393E-01
     129 -4.21739E-01 -7.72358E-01 -7.50296E-02
     130 -4.21739E-01  7.72358E-01 -7.50061E-02
     131 -4.21053E-01 -1.46707E-01  1.00000E-02
     132 -4.16435E-01 -3.10576E-01 -4.11673E-01
     133 -4.07400E-01  5.79174E-01 -2.80000E-01
     134 -3.93624E-01  1.84089E-01  1.00000E-02
     135 -3.90102E-01 -2.68552E-01  1.00000E-02
     136 -3.89643E-01  2.20511E-01 -4.61785E-01
     137 -3.88994E-01 -5.01578E-01 -3.31218E-01
     138 -3.88545E-01  3.25289E-01 -4.20581E-01
     139 -3.82255E-01  6.92878E-01 -2.21904E-01
     140 -3.82212E-01  5.38794E-01  1.00000E-02
     141 -3.78475E-01 -6.89500E-01 -2.25242E-01
     142 -3.77384E-01 -6.99021E-01  1.00000E-02
     143 -3.74733E-01 -2.16352E-01 -4.72263E-01
     144 -3.68553E-01  6.74955E-01  1.00000E-02
     145 -3.65565E-01 -8.00476E-01 -1.60000E-01
     146 -3.65565E-01 -8.00476E-01  1.00000E-02
     147 -3.65565E-01  8.00476E-01 -1.60000E-01
     148 -3.65565E-01  8.00476E-01  1.00000E-02
     149 -3.61968E-01  6.21354E-02  1.00000E-02
     150 -3.58292E-01 -3.90172E-01  1.00000E-02
     151 -3.51972E-01 -4.10786E-01 -3.96694E-01
     152 -3.50313E-01  4.16021E-01 -3.94658E-01
     153 -3.50000E-01 -8.57224E-17 -5.30000E-01
     154 -3.37548E-01  3.97060E-01  1.00000E-02
     155 -3.31476E-01 -5.93709E-02  1.00000E-02
     156 -3.30211E-01 -5.09440E-01  1.00000E-02
     157 -3.28892E-01 -1.19707E-01 -5.30000E-01
     158 -3.28892E-01  1.19707E-01 -5.30000E-01
     159 -3.26645E-01 -5.98174E-01 -2.98541E-01
     160 -3.21917E-01  5.23897E-01 -3.45071E-01
     161 -3.09592E-01 -3.17327E-01 -4.64844E-01
     162 -3.07528E-01 -8.24516E-01 -7.50296E-02
     163 -3.07528E-01  8.24516E-01 -7.50012E-02
     164 -3.03275E-01  2.71998E-01  1.00000E-02
     165 -3.02590E-01 -6.25439E-01  1.00000E-02
     166 -3.01704E-01  6.34814E-01 -2.83663E-01
     167 -3.00572E-01 -1.81263E-01  1.00000E-02
     168 -2.78034E-01  3.31347E-01 -4.72375E-01
     169 -2.76852E-01  7.42268E-01 -2.21282E-01
     170 -2.75309E-01 -5.02468E-01 -3.74357E-01
     171 -2.74571E-01 -7.42259E-01 -2.21842E-01
     172 -2.73839E-01 -6.68906E-01 -2.69751E-01
     173 -2.73576E-01 -7.33533E-01  1.00000E-02
     174 -2.72160E-01  1.49739E-01  1.00000E-02
     175 -2.71515E-01  5.99892E-01  1.00000E-02
     176 -2.69522E-01 -3.02987E-01  1.00000E-02
     177 -2.68120E-01  7.21907E-01  1.00000E-02
     178 -2.68116E-01 -2.24976E-01 -5.30000E-01
     179 -2.68116E-01  4.72760E-02 -5.30000E-01
     180 -2.68116E-01  2.24976E-01 -5.30000E-01
     181 -2.47927E-01 -4.06781E-01 -4.41772E-01
     182 -2.47925E-01 -8.44354E-01 -1.60000E-01
     183 -2.47925E-01 -8.44354E-01  1.00000E-02
     184 -2.47925E-01  8.44354E-01 -1.60000E-01
     185 -2.47925E-01  8.44354E-01  1.00000E-02
     186 -2.46507E-01  4.83600E-01  1.00000E-02
     187 -2.41223E-01  2.78866E-02  1.00000E-02
     188 -2.39227E-01 -4.24865E-01  1.00000E-02
     189 -2.38242E-01  4.69200E-01 -4.06978E-01
     190 -2.35777E-01 -4.15738E-02 -5.30000E-01
     191 -2.35682E-01  1.28888E-01 -5.30000E-01
     192 -2.29582E-01 -1.33727E-01 -5.30000E-01
     193 -2.12463E-01  3.58785E-01  1.00000E-02
     194 -2.11019E-01  5.74775E-01 -3.46894E-01
     195 -2.10528E-01 -9.38554E-02  1.00000E-02
     196 -2.08533E-01 -5.46610E-01  1.00000E-02
     197 -2.05993E-01 -6.00549E-01 -3.31111E-01
     198 -1.90088E-01  6.59245E-01  1.00000E-02
     199 -1.87057E-01 -8.59889E-01 -7.50296E-02
     200 -1.87057E-01  8.59889E-01 -7.50228E-02
     201 -1.85615E-01 -6.98080E-01 -2.70067E-01
     202 -1.84568E-01 -6.59279E-01  1.00000E-02
     203 -1.81953E-01  2.37178E-01  1.00000E-02
     204 -1.80155E-01  6.72433E-01 -2.88350E-01
     205 -1.79750E-01 -2.15613E-01  1.00000E-02
     206 -1.75093E-01 -5.00635E-01 -4.04081E-01
     207 -1.75000E-01 -3.03109E-01 -5.30000E-01
     208 -1.75000E-01  3.03109E-01 -5.30000E-01
     209 -1.64739E-01  7.77688E-01 -2.19378E-01
     210 -1.62766E-01  7.53984E-01  1.00000E-02
     211 -1.61954E-01 -7.80971E-01 -2.17534E-01
     212 -1.59206E-01  5.46052E-02 -5.30000E-01
     213 -1.57968E-01 -7.68480E-01  1.00000E-02
     214 -1.56457E-01 -1.87364E-01 -5.30000E-01
     215 -1.53892E-01  1.83402E-01 -5.30000E-01
     216 -1.53055E-01  5.67985E-01  1.00000E-02
     217 -1.51145E-01  1.15321E-01  1.00000E-02
     218 -1.49125E-01 -3.37411E-01  1.00000E-02
     219 -1.47994E-01 -4.06609E-01 -4.72263E-01
     220 -1.47994E-01  4.06609E-01 -4.72263E-01
     221 -1.28930E-01 -8.34985E-02 -5.30000E-01
     222 -1.26553E-01  5.19434E-01 -4.01108E-01
     223 -1.25237E-01 -8.71043E-01 -1.60000E-01
     224 -1.25237E-01 -8.71043E-01  1.00000E-02
     225 -1.25237E-01  8.71043E-01 -1.60000E-01
     226 -1.25237E-01  8.71043E-01  1.00000E-02
     227 -1.22369E-01  4.46235E-01  1.00000E-02
     228 -1.20404E-01 -6.46243E-03  1.00000E-02
     229 -1.18439E-01 -4.59160E-01  1.00000E-02
     230 -1.18094E-01 -6.41698E-01 -3.18839E-01
     231 -9.31156E-02 -2.55833E-01 -5.30000E-01
     232 -9.19158E-02  2.48049E-01 -5.30000E-01
     233 -9.18057E-02 -5.64961E-01 -3.74760E-01
     234 -9.16822E-02  3.24486E-01  1.00000E-02
     235 -9.13353E-02  6.08248E-01 -3.44953E-01
     236 -8.97220E-02 -1.28202E-01  1.00000E-02
     237 -8.59096E-02 -5.80445E-01  1.00000E-02
     238 -7.59268E-02 -1.74473E-01 -5.30000E-01
     239 -7.48520E-02  6.65238E-01  1.00000E-02
     240 -7.25532E-02 -4.70610E-01 -4.41919E-01
     241 -6.33227E-02 -7.30820E-01 -2.62233E-01
     242 -6.30504E-02  1.36138E-01 -5.30000E-01
     243 -6.27785E-02 -8.77758E-01 -7.50228E-02
     244 -6.27785E-02  8.77758E-01 -7.50296E-02
     245 -6.23681E-02  7.83844E-01  1.00000E-02
     246 -6.12942E-02 -8.15523E-01 -2.03406E-01
     247 -6.09956E-02  2.02737E-01  1.00000E-02
     248 -6.07769E-02 -3.44683E-01 -5.30000E-01
     249 -6.07769E-02  3.44683E-01 -5.30000E-01
     250 -5.92442E-02 -7.02098E-01  1.00000E-02
     251 -5.90305E-02 -2.49961E-01  1.00000E-02
     252 -5.79638E-02  4.58753E-01 -4.51532E-01
     253 -5.72581E-02 -8.00573E-01  1.00000E-02
     254 -5.61947E-02  6.96538E-01 -2.86497E-01
     255 -4.71136E-02  7.91117E-01 -2.21072E-01
     256 -3.76183E-02  7.82360E-03 -5.30000E-01
     257 -3.22740E-02  5.33685E-01  1.00000E-02
     258 -3.03091E-02  8.09878E-02  1.00000E-02
     259 -2.83440E-02 -3.71710E-01  1.00000E-02
     260 -1.90781E-02 -6.38031E-01 -3.28723E-01
     261 -1.42809E-02 -1.12217E-01 -5.30000E-01
     262 -2.30233E-03 -2.35974E-01 -5.30000E-01
     263 -1.58747E-03  4.11936E-01  1.00000E-02
     264 -1.10030E-03  2.35546E-01 -5.30000E-01
     265 -6.09113E-15 -8.80000E-01 -1.60000E-01
     266 -6.09113E-15 -8.80000E-01  1.00000E-02
     267  1.31391E-15  8.80000E-01 -1.60000E-01
     268  1.31391E-15  8.80000E-01  1.00000E-02
     269  3.76754E-04 -4.07601E-02  1.00000E-02
     270  1.87498E-03  5.45311E-01 -3.93648E-01
     271  2.34262E-03 -4.93460E-01  1.00000E-02
     272  3.16319E-03  6.38014E-01 -3.28928E-01
     273  7.64165E-03 -5.37007E-01 -3.99410E-01
     274  2.90991E-02  2.90187E-01  1.00000E-02
     275  3.10632E-02 -1.62509E-01  1.00000E-02
     276  3.12488E-02 -6.19862E-01  1.00000E-02
     277  3.20715E-02 -4.43073E-01 -4.64215E-01
     278  3.51614E-02  4.40342E-01 -4.65953E-01
     279  4.12556E-02 -8.03325E-01 -2.12789E-01
     280  5.10148E-02  7.48957E-01  1.00000E-02
     281  5.42080E-02 -7.63791E-01  1.00000E-02
     282  5.56327E-02  1.16540E-01 -5.30000E-01
     283  5.58004E-02  6.14021E-01  1.00000E-02
     284  5.97856E-02  1.68438E-01  1.00000E-02
     285  6.07769E-02 -3.44683E-01 -5.30000E-01
     286  6.07769E-02  3.44683E-01 -5.30000E-01
     287  6.17032E-02  7.07246E-01 -2.78726E-01
     288  6.17505E-02 -2.84260E-01  1.00000E-02
     289  6.20411E-02  8.08799E-01 -2.08048E-01
     290  6.27785E-02 -8.77758E-01 -7.50012E-02
     291  6.27785E-02  8.77758E-01 -7.50296E-02
     292  6.32418E-02 -7.05878E-01 -2.79583E-01
     293  6.33834E-02 -3.56189E-02 -5.30000E-01
     294  7.62639E-02 -1.53503E-01 -5.30000E-01
     295  8.85072E-02  4.99386E-01  1.00000E-02
     296  8.89072E-02 -6.08687E-01 -3.44898E-01
     297  9.04721E-02  4.66886E-02  1.00000E-02
     298  9.09284E-02  2.35202E-01 -5.30000E-01
     299  9.24373E-02 -4.06010E-01  1.00000E-02
     300  9.27116E-02 -2.53555E-01 -5.30000E-01
     301  9.70543E-02  6.12793E-01 -3.41209E-01
     302  1.19057E-01  3.77269E-01  1.00000E-02
     303  1.19297E-01  5.08040E-01 -4.10023E-01
     304  1.21159E-01 -5.11495E-01 -4.07377E-01
     305  1.21159E-01 -7.50607E-02  1.00000E-02
     306  1.23124E-01 -5.27759E-01  1.00000E-02
     307  1.25237E-01 -8.71043E-01 -1.60000E-01
     308  1.25237E-01 -8.71043E-01  1.00000E-02
     309  1.25237E-01  8.71043E-01 -1.60000E-01
     310  1.25237E-01  8.71043E-01  1.00000E-02
     311  1.39025E-01  6.70207E-01  1.00000E-02
     312  1.47994E-01 -4.06609E-01 -4.72263E-01
     313  1.47994E-01  4.06609E-01 -4.72263E-01
     314  1.49880E-01  2.55888E-01  1.00000E-02
     315  1.50794E-01 -6.51059E-01  1.00000E-02
     316  1.51845E-01 -1.96810E-01  1.00000E-02
     317  1.53645E-01 -8.76224E-02 -5.30000E-01
     318  1.61775E-01 -7.81300E-01 -2.17334E-01
     319  1.64333E-01  1.76131E-01 -5.30000E-01
     320  1.64426E-01 -1.96027E-01 -5.30000E-01
     321  1.65784E-01  5.53121E-02 -5.30000E-01
     322  1.65828E-01  7.72948E-01 -2.22456E-01
     323  1.67903E-01 -7.63610E-01  1.00000E-02
     324  1.75000E-01 -3.03109E-01 -5.30000E-01
     325  1.75000E-01  3.03109E-01 -5.30000E-01
     326  1.76245E-01  5.78537E-01  1.00000E-02
     327  1.80567E-01  1.34138E-01  1.00000E-02
     328  1.81502E-01  6.75478E-01 -2.86053E-01
     329  1.81531E-01  7.60163E-01  1.00000E-02
     330  1.82532E-01 -3.18560E-01  1.00000E-02
     331  1.82995E-01 -6.80236E-01 -2.82575E-01
     332  1.87057E-01 -8.59889E-01 -7.50012E-02
     333  1.87057E-01  8.59889E-01 -7.49988E-02
     334  2.06139E-01  5.74852E-01 -3.48006E-01
     335  2.06410E-01 -5.70470E-01 -3.50820E-01
     336  2.08712E-01  4.63348E-01  1.00000E-02
     337  2.11253E-01  1.23890E-02  1.00000E-02
     338  2.13219E-01 -4.40309E-01  1.00000E-02
     339  2.32840E-01 -1.34546E-01 -5.30000E-01
     340  2.34390E-01 -4.66338E-01 -4.09974E-01
     341  2.34390E-01  4.66338E-01 -4.09974E-01
     342  2.36626E-01 -5.60053E-01  1.00000E-02
     343  2.37288E-01  1.24469E-01 -5.30000E-01
     344  2.39733E-01  3.42870E-01  1.00000E-02
     345  2.41940E-01 -1.09360E-01  1.00000E-02
     346  2.43249E-01 -4.12377E-02 -5.30000E-01
     347  2.46043E-01  6.70018E-01  1.00000E-02
     348  2.47925E-01 -8.44354E-01 -1.60000E-01
     349  2.47925E-01 -8.44354E-01  1.00000E-02
     350  2.47925E-01  8.44354E-01 -1.60000E-01
     351  2.47925E-01  8.44354E-01  1.00000E-02
     352  2.56844E-01 -3.66246E-01 -4.62052E-01
     353  2.60234E-01  3.60029E-01 -4.64215E-01
     354  2.60843E-01 -6.94279E-01  1.00000E-02
     355  2.66363E-01  4.91863E-02 -5.30000E-01
     356  2.68116E-01 -2.24976E-01 -5.30000E-01
     357  2.68116E-01  2.24976E-01 -5.30000E-01
     358  2.70549E-01  2.21516E-01  1.00000E-02
     359  2.72627E-01 -2.31110E-01  1.00000E-02
     360  2.74292E-01 -7.44517E-01 -2.20431E-01
     361  2.76158E-01  7.43069E-01 -2.20927E-01
     362  2.80046E-01  7.53199E-01  1.00000E-02
     363  2.91910E-01  6.41414E-01 -2.82369E-01
     364  2.94881E-01 -6.31953E-01 -2.87499E-01
     365  3.01348E-01  9.98390E-02  1.00000E-02
     366  3.03313E-01 -3.52859E-01  1.00000E-02
     367  3.05479E-01  5.32115E-01 -3.46001E-01
     368  3.07528E-01 -8.24516E-01 -7.49988E-02
     369  3.07528E-01  8.24516E-01 -7.50008E-02
     370  3.18970E-01 -5.25713E-01 -3.45062E-01
     371  3.20148E-01  5.64249E-01  1.00000E-02
     372  3.27280E-01 -4.73553E-01  1.00000E-02
     373  3.28892E-01 -1.19707E-01 -5.30000E-01
     374  3.28892E-01  1.19707E-01 -5.30000E-01
     375  3.28968E-01  4.28652E-01  1.00000E-02
     376  3.32035E-01 -2.19103E-02  1.00000E-02
     377  3.38661E-01 -3.14149E-01 -4.51859E-01
     378  3.39413E-01  3.06289E-01 -4.55176E-01
     379  3.43395E-01 -4.16371E-01 -3.97562E-01
     380  3.45394E-01  4.16397E-01 -3.96659E-01
     381  3.46770E-01 -5.81590E-01  1.00000E-02
     382  3.50000E-01  1.98292E-16 -5.30000E-01
     383  3.59164E-01  6.90983E-01  1.00000E-02
     384  3.60402E-01  3.08989E-01  1.00000E-02
     385  3.62721E-01 -1.43660E-01  1.00000E-02
     386  3.65565E-01 -8.00476E-01 -1.60000E-01
     387  3.65565E-01 -8.00476E-01  1.00000E-02
     388  3.65565E-01  8.00476E-01 -1.60000E-01
     389  3.65565E-01  8.00476E-01  1.00000E-02
     390  3.74733E-01 -2.16352E-01 -4.72263E-01
     391  3.74733E-01  2.16352E-01 -4.72263E-01
     392  3.78742E-01 -6.84044E-01  1.00000E-02
     393  3.81760E-01  6.96756E-01 -2.19698E-01
     394  3.86519E-01 -6.92860E-01 -2.20470E-01
     395  3.86711E-01  5.92661E-01 -2.80308E-01
     396  3.91364E-01  1.87370E-01  1.00000E-02
     397  3.93408E-01 -2.65409E-01  1.00000E-02
     398  4.02562E-01  4.89100E-01 -3.32111E-01
     399  4.07098E-01 -5.75620E-01 -2.82149E-01
     400  4.12448E-01 -4.88140E-01 -3.28206E-01
     401  4.17949E-01 -3.12499E-01 -4.10023E-01
     402  4.19007E-01 -3.89153E-01  1.00000E-02
     403  4.19569E-01  4.95799E-01  1.00000E-02
     404  4.21656E-01  6.60272E-02  1.00000E-02
     405  4.21739E-01 -7.72358E-01 -7.50086E-02
     406  4.21739E-01  7.72358E-01 -7.49988E-02
     407  4.25122E-01  3.13452E-01 -4.05606E-01
     408  4.30773E-01 -1.08523E-01 -4.64215E-01
     409  4.30773E-01  1.08523E-01 -4.64215E-01
     410  4.36843E-01 -5.14499E-01  1.00000E-02
     411  4.47549E-01  3.94138E-01  1.00000E-02
     412  4.52816E-01 -5.62096E-02  1.00000E-02
     413  4.60650E-01 -6.22712E-01  1.00000E-02
     414  4.63062E-01  6.08346E-01  1.00000E-02
     415  4.68430E-01  4.05448E-01 -3.41839E-01
     416  4.68978E-01 -4.05463E-01 -3.41543E-01
     417  4.75764E-01 -7.40303E-01 -1.60000E-01
     418  4.75764E-01 -7.40303E-01  1.00000E-02
     419  4.75764E-01  7.40303E-01 -1.60000E-01
     420  4.75764E-01  7.40303E-01  1.00000E-02
     421  4.76823E-01 -2.78111E-03 -4.41458E-01
     422  4.79310E-01  2.06573E-01 -4.09974E-01
     423  4.79492E-01  2.74361E-01  1.00000E-02
     424  4.80351E-01  6.32096E-01 -2.20105E-01
     425  4.83028E-01 -2.09755E-01 -4.06709E-01
     426  4.83155E-01 -1.79183E-01  1.00000E-02
     427  4.86037E-01 -6.28282E-01 -2.19803E-01
     428  5.10667E-01 -4.97858E-01 -2.76450E-01
     429  5.11659E-01  1.53572E-01  1.00000E-02
     430  5.12264E-01 -3.00067E-01  1.00000E-02
     431  5.12400E-01  4.87209E-01 -2.80736E-01
     432  5.22813E-01  4.82594E-01  1.00000E-02
     433  5.24787E-01  3.04467E-01 -3.50785E-01
     434  5.25111E-01 -3.03868E-01 -3.50799E-01
     435  5.27364E-01 -7.04476E-01 -7.50106E-02
     436  5.27364E-01  7.04476E-01 -7.50227E-02
     437  5.28422E-01 -1.08813E-01 -3.97701E-01
     438  5.29834E-01 -4.28565E-01  1.00000E-02
     439  5.32242E-01  9.69631E-02 -3.96659E-01
     440  5.41838E-01  2.76177E-02  1.00000E-02
     441  5.53967E-01 -5.47931E-01  1.00000E-02
     442  5.62420E-01  3.69074E-01  1.00000E-02
     443  5.71357E-01  5.71357E-01  1.00000E-02
     444  5.71538E-01 -5.64496E-01 -2.13536E-01
     445  5.73805E-01 -1.01666E-01  1.00000E-02
     446  5.76277E-01 -6.65060E-01 -1.60000E-01
     447  5.76277E-01 -6.65060E-01  1.00000E-02
     448  5.76277E-01  6.65060E-01 -1.60000E-01
     449  5.76277E-01  6.65060E-01  1.00000E-02
     450  5.76686E-01 -3.93026E-01 -2.87140E-01
     451  5.76923E-01 -1.45111E-02 -3.71454E-01
     452  5.77013E-01  5.70287E-01 -2.07976E-01
     453  5.82963E-01  1.96133E-01 -3.44950E-01
     454  5.83115E-01  3.93157E-01 -2.83374E-01
     455  5.88545E-01 -1.96011E-01 -3.41281E-01
     456  6.03113E-01 -2.23695E-01  1.00000E-02
     457  6.16899E-01  2.54129E-01  1.00000E-02
     458  6.17961E-01 -1.00786E-01 -3.37233E-01
     459  6.20470E-01 -3.43952E-01  1.00000E-02
     460  6.22254E-01 -6.22254E-01 -7.50089E-02
     461  6.22254E-01  6.22254E-01 -7.50296E-02
     462  6.22818E-01  4.73937E-01  1.00000E-02
     463  6.31332E-01  4.78496E-01 -2.21313E-01
     464  6.31985E-01 -4.77035E-01 -2.21565E-01
     465  6.33005E-01  1.18690E-01  1.00000E-02
     466  6.33758E-01  8.52372E-02 -3.27921E-01
     467  6.36106E-01 -4.59757E-01  1.00000E-02
     468  6.41522E-01  2.92248E-01 -2.82202E-01
     469  6.42200E-01 -2.91050E-01 -2.82117E-01
     470  6.60383E-01 -1.85197E-02  1.00000E-02
     471  6.65060E-01 -5.76277E-01 -1.60000E-01
     472  6.65060E-01 -5.76277E-01  1.00000E-02
     473  6.65060E-01  5.76277E-01 -1.60000E-01
     474  6.65060E-01  5.76277E-01  1.00000E-02
     475  6.74955E-01  3.68553E-01  1.00000E-02
     476  6.81879E-01  1.81677E-01 -2.81704E-01
     477  6.82225E-01 -2.62729E-02 -2.97716E-01
     478  6.87866E-01 -1.42273E-01  1.00000E-02
     479  6.94830E-01  3.82823E-01 -2.20519E-01
     480  7.00261E-01 -1.59737E-01 -2.72921E-01
     481  7.00810E-01 -3.80470E-01 -2.17645E-01
     482  7.04476E-01 -5.27364E-01 -7.50012E-02
     483  7.04476E-01  5.27364E-01 -7.50296E-02
     484  7.07000E-01 -3.86051E-01  1.00000E-02
     485  7.25031E-01 -2.68655E-01  1.00000E-02
     486  7.34809E-01  7.09108E-02 -2.58977E-01
     487  7.35959E-01  2.91072E-01  1.00000E-02
     488  7.39572E-01  2.75846E-01 -2.23291E-01
     489  7.40303E-01 -4.75764E-01 -1.60000E-01
     490  7.40303E-01 -4.75764E-01  1.00000E-02
     491  7.40303E-01  4.75764E-01 -1.60000E-01
     492  7.40303E-01  4.75764E-01  1.00000E-02
     493  7.42531E-01  1.84351E-01  1.00000E-02
     494  7.43091E-01 -2.74883E-01 -2.21222E-01
     495  7.53803E-01  6.17935E-02  1.00000E-02
     496  7.72358E-01 -4.21739E-01 -7.50061E-02
     497  7.72358E-01  4.21739E-01 -7.50296E-02
     498  7.72482E-01 -6.87285E-02  1.00000E-02
     499  7.86145E-01 -1.71450E-01  1.00000E-02
     500  7.86789E-01  1.62511E-01 -2.13478E-01
     501  7.89500E-01 -4.89199E-02 -2.22122E-01
     502  7.92878E-01 -1.72549E-01 -2.07866E-01
     503  8.00476E-01 -3.65565E-01 -1.60000E-01
     504  8.00476E-01 -3.65565E-01  1.00000E-02
     505  8.00476E-01  3.65565E-01 -1.60000E-01
     506  8.00476E-01  3.65565E-01  1.00000E-02
     507  8.16824E-01  6.28413E-02 -2.02419E-01
     508  8.24516E-01 -3.07528E-01 -7.50095E-02
     509  8.24516E-01  3.07528E-01 -7.50230E-02
     510  8.44354E-01 -2.47925E-01 -1.60000E-01
     511  8.44354E-01 -2.47925E-01  1.00000E-02
     512  8.44354E-01  2.47925E-01 -1.60000E-01
     513  8.44354E-01  2.47925E-01  1.00000E-02
     514  8.59889E-01 -1.87057E-01 -7.50106E-02
     515  8.59889E-01  1.87057E-01 -7.50061E-02
     516  8.71043E-01 -1.25237E-01 -1.60000E-01
     517  8.71043E-01 -1.25237E-01  1.00000E-02
     518  8.71043E-01  1.25237E-01 -1.60000E-01
     519  8.71043E-01  1.25237E-01  1.00000E-02
     520  8.77758E-01 -6.27785E-02 -7.50089E-02
     521  8.77758E-01  6.27785E-02 -7.50012E-02
     522  8.80000E-01 -3.80022E-15 -1.60000E-01
     523  8.80000E-01 -3.80022E-15  1.00000E-02
*RETURN
$
$ ELEMENT,TYPE=T3C000,ELSTRUCTURE=WAVEBOT
       1      10       1       4
       2       1       8       6
       3       1       2       4
       4       2       1       6
       5       2       3       7
       6       3       2       5
       7       3      11       7
       8       9       3       5
       9      16      10      13
      10      13      10       4
      11      24      16      19
      12      16      13      19
      13      41      24      32
      14      32      24      19
      15      57      41      47
      16      41      32      47
      17      81      57      70
      18      70      57      47
      19     113      81      95
      20      81      70      95
      21     147     113     130
      22     130     113      95
      23     184     147     163
      24     163     147     130
      25     225     184     200
      26     184     163     200
      27     267     225     244
      28     244     225     200
      29     309     267     291
      30     267     244     291
      31     350     309     333
      32     309     291     333
      33     388     350     369
      34     350     333     369
      35     419     388     406
      36     406     388     369
      37     448     419     436
      38     419     406     436
      39     473     448     461
      40     461     448     436
      41     491     473     483
      42     473     461     483
      43     505     491     497
      44     497     491     483
      45     512     505     509
      46     505     497     509
      47     518     512     515
      48     515     512     509
      49     522     518     521
      50     521     518     515
      51     516     522     520
      52     522     521     520
      53     510     516     514
      54     514     516     520
      55     503     510     508
      56     510     514     508
      57     489     503     496
      58     496     503     508
      59     471     489     482
      60     482     489     496
      61     446     471     460
      62     471     482     460
      63     417     446     435
      64     435     446     460
      65     386     417     405
      66     417     435     405
      67     348     386     368
      68     368     386     405
      69     307     348     332
      70     348     368     332
      71     265     307     290
      72     290     307     332
      73     223     265     243
      74     265     290     243
      75     182     223     199
      76     199     223     243
      77     145     182     162
      78     182     199     162
      79     111     145     129
      80     129     145     162
      81      79     111      94
      82     111     129      94
      83      55      79      69
      84      69      79      94
      85      39      55      46
      86      55      69      46
      87      22      39      31
      88      31      39      46
      89      14      22      18
      90      22      31      18
      91       8      14      12
      92      12      14      18
      93       8      12       6
      94       2       7       4
      95       5       2       6
      96      11      17      13
      97      11      13       7
      98      17      25      19
      99      13      17      19
     100      25      42      32
     101      25      32      19
     102      42      58      47
     103      32      42      47
     104      58      82      70
     105      58      70      47
     106      82     114      95
     107      70      82      95
     108     114     148     130
     109     114     130      95
     110     148     185     163
     111     148     163     130
     112     185     226     200
     113     163     185     200
     114     226     268     244
     115     226     244     200
     116     268     310     291
     117     244     268     291
     118     310     351     333
     119     291     310     333
     120     351     389     369
     121     333     351     369
     122     389     420     406
     123     389     406     369
     124     420     449     436
     125     406     420     436
     126     449     474     461
     127     449     461     436
     128     474     492     483
     129     461     474     483
     130     492     506     497
     131     492     497     483
     132     506     513     509
     133     497     506     509
     134     513     519     515
     135     513     515     509
     136     519     523     521
     137     519     521     515
     138     523     517     520
     139     521     523     520
     140     517     511     514
     141     517     514     520
     142     511     504     508
     143     514     511     508
     144     504     490     496
     145     504     496     508
     146     490     472     482
     147     490     482     496
     148     472     447     460
     149     482     472     460
     150     447     418     435
     151     447     435     460
     152     418     387     405
     153     435     418     405
     154     387     349     368
     155     387     368     405
     156     349     308     332
     157     368     349     332
     158     308     266     290
     159     308     290     332
     160     266     224     243
     161     290     266     243
     162     224     183     199
     163     224     199     243
     164     183     146     162
     165     199     183     162
     166     146     112     129
     167     146     129     162
     168     112      80      94
     169     129     112      94
     170      80      56      69
     171      80      69      94
     172      56      40      46
     173      69      56      46
     174      40      23      31
     175      40      31      46
     176      23      15      18
     177      31      23      18
     178      15       9      12
     179      15      12      18
     180      12       9       5
     181      12       5       6
     182       7      13       4
     183       1      10      20
     184       8       1      21
     185      27       1      20
     186       1      27      21
     187     158     153     126
     188     153     157     128
     189     153     122     126
     190     122     153     128
     191      10      16      29
     192      10      29      20
     193      16      24      43
     194      16      43      29
     195      24      41      45
     196      43      24      45
     197      41      57      72
     198      41      72      45
     199      57      81      85
     200      57      85      72
     201      81     113     109
     202      85      81     109
     203     113     147     139
     204     113     139     109
     205     147     184     169
     206     139     147     169
     207     184     225     209
     208     169     184     209
     209     225     267     255
     210     225     255     209
     211     267     309     289
     212     255     267     289
     213     309     350     322
     214     309     322     289
     215     350     388     361
     216     322     350     361
     217     388     419     393
     218     361     388     393
     219     419     448     424
     220     419     424     393
     221     448     473     452
     222     424     448     452
     223     473     491     463
     224     473     463     452
     225     491     505     479
     226     463     491     479
     227     505     512     488
     228     505     488     479
     229     512     518     500
     230     488     512     500
     231     518     522     507
     232     500     518     507
     233     522     516     501
     234     522     501     507
     235     516     510     502
     236     501     516     502
     237     510     503     494
     238     510     494     502
     239     503     489     481
     240     494     503     481
     241     489     471     464
     242     489     464     481
     243     471     446     444
     244     464     471     444
     245     446     417     427
     246     446     427     444
     247     417     386     394
     248     427     417     394
     249     386     348     360
     250     386     360     394
     251     348     307     318
     252     360     348     318
     253     307     265     279
     254     307     279     318
     255     265     223     246
     256     279     265     246
     257     223     182     211
     258     223     211     246
     259     182     145     171
     260     182     171     211
     261     145     111     141
     262     171     145     141
     263     111      79     108
     264     141     111     108
     265      79      55      90
     266      79      90     108
     267      55      39      65
     268      90      55      65
     269      39      22      53
     270      39      53      65
     271      22      14      38
     272      22      38      53
     273      14       8      28
     274      38      14      28
     275      28       8      21
     276     180     158     136
     277     136     158     126
     278     208     180     168
     279     180     136     168
     280     249     208     220
     281     220     208     168
     282     286     249     278
     283     249     220     252
     284     249     252     278
     285     325     286     313
     286     313     286     278
     287     357     325     353
     288     325     313     353
     289     374     357     391
     290     391     357     378
     291     357     353     378
     292     382     374     409
     293     374     391     409
     294     373     382     408
     295     408     382     421
     296     382     409     421
     297     356     373     390
     298     390     373     408
     299     324     356     352
     300     356     390     377
     301     352     356     377
     302     285     324     312
     303     312     324     352
     304     248     285     277
     305     285     312     277
     306     207     248     219
     307     219     248     240
     308     248     277     240
     309     178     207     161
     310     207     219     181
     311     161     207     181
     312     157     178     143
     313     143     178     161
     314     157     143     128
     315      27      48      37
     316      48      27      36
     317      27      37      21
     318      36      27      20
     319      48      73      61
     320      73      48      60
     321      37      48      61
     322      48      36      60
     323      96      73      84
     324      73      96      86
     325      84      73      60
     326      73      86      61
     327      96     122     105
     328     122      96     103
     329      96      84     103
     330      86      96     105
     331     126     122     103
     332     122     128     105
     333      84      60      76
     334      84      76     102
     335      84     102     103
     336      86     106      75
     337     106      86     105
     338      61      86      75
     339     124      90     104
     340      90     124     108
     341     104      90      65
     342      72      85     101
     343      85     109     101
     344     312     352     340
     345     277     312     304
     346     312     340     304
     347     219     206     181
     348     206     219     240
     349     252     220     222
     350     222     220     189
     351     189     220     168
     352     353     313     341
     353     341     313     303
     354     303     313     278
     355     390     408     425
     356     390     425     401
     357     390     401     377
     358     409     391     422
     359     422     391     407
     360     407     391     378
     361     501     477     486
     362     477     501     480
     363     501     486     507
     364     480     501     502
     365     431     424     452
     366     424     431     395
     367     393     424     395
     368     353     341     380
     369     353     380     378
     370     427     428     444
     371     428     427     399
     372     399     427     394
     373     340     352     379
     374     379     352     377
     375     292     279     241
     376     279     292     318
     377     241     279     246
     378     277     304     273
     379     277     273     240
     380     287     255     289
     381     255     287     254
     382     209     255     254
     383     252     222     270
     384     252     270     278
     385     425     408     437
     386     408     421     437
     387     401     425     434
     388     434     425     455
     389     455     425     437
     390     468     488     476
     391     488     468     479
     392     476     488     500
     393     409     422     439
     394     409     439     421
     395     211     171     201
     396     201     171     172
     397     171     141     172
     398      38      68      53
     399      68      38      51
     400      51      38      28
     401      43      64      63
     402      64      43      45
     403      43      63      50
     404      29      43      50
     405     340     379     370
     406     340     370     335
     407     340     335     304
     408     380     341     367
     409     341     303     334
     410     341     334     367
     411     407     380     415
     412     380     407     378
     413     415     380     398
     414     398     380     367
     415     133     139     166
     416     139     133     109
     417     166     139     169
     418     364     360     331
     419     360     364     394
     420     331     360     318
     421     480     494     469
     422     494     480     502
     423     469     494     481
     424     431     463     454
     425     463     431     452
     426     454     463     479
     427     322     328     287
     428     328     322     361
     429     322     287     289
     430     334     303     301
     431     301     303     270
     432     270     303     278
     433     450     464     428
     434     464     450     481
     435     428     464     444
     436     401     434     416
     437     401     416     379
     438     401     379     377
     439     222     189     194
     440     222     194     235
     441     222     235     270
     442     194     189     160
     443     160     189     152
     444     152     189     168
     445     439     422     453
     446     453     422     433
     447     433     422     407
     448     439     453     466
     449     439     466     451
     450     421     439     451
     451     143     161     132
     452     143     132     106
     453     143     106     128
     454     168     136     138
     455     136     110     138
     456     110     136     102
     457     136     126     102
     458     194     160     166
     459     235     194     204
     460     204     194     166
     461     160     152     125
     462     160     125     133
     463     160     133     166
     464     334     301     328
     465     334     328     363
     466     334     363     367
     467     301     270     272
     468     328     301     287
     469     287     301     272
     470     416     434     450
     471     434     455     469
     472     434     469     450
     473     379     416     400
     474     416     450     428
     475     416     428     400
     476     455     480     469
     477     480     455     458
     478     455     437     458
     479     125     152     119
     480     119     152     138
     481     152     168     138
     482     453     433     468
     483     466     453     476
     484     453     468     476
     485     468     433     454
     486     433     407     415
     487     433     415     454
     488     451     466     477
     489     477     466     486
     490     486     466     476
     491     132     161     151
     492     151     161     181
     493     132     151     118
     494     132     118      98
     495     132      98     106
     496     118     151     137
     497     137     151     170
     498     170     151     181
     499     118     137     104
     500      98     118      83
     501      83     118     104
     502     137     170     159
     503     137     159     124
     504     137     124     104
     505      98      83      68
     506      98      68      75
     507     106      98      75
     508     159     170     197
     509     197     170     206
     510     206     170     181
     511      68      83      53
     512      53      83      65
     513      83     104      65
     514      51      37      61
     515      37      51      28
     516      37      28      21
     517      60      36      50
     518      36      29      50
     519      29      36      20
     520     421     451     437
     521     451     477     458
     522     437     451     458
     523     235     204     254
     524     270     235     272
     525     235     254     272
     526     204     166     169
     527     204     169     209
     528     204     209     254
     529     125     119      93
     530     125      93     101
     531     133     125     101
     532      93     119      89
     533      89     119     110
     534     110     119     138
     535      93      89      64
     536      93      64      72
     537      93      72     101
     538      64      89      63
     539      63      89      76
     540      89     110      76
     541     159     197     172
     542     124     159     141
     543     141     159     172
     544     197     206     233
     545     201     197     230
     546     197     201     172
     547     197     233     230
     548      72      64      45
     549     124     141     108
     550      68      51      75
     551     477     480     458
     552     486     476     500
     553     486     500     507
     554      63      76      50
     555     109     133     101
     556     468     454     479
     557     450     469     481
     558     370     379     400
     559     335     370     364
     560     364     370     399
     561     399     370     400
     562     335     364     331
     563     335     331     296
     564     335     296     304
     565     364     399     394
     566     296     331     292
     567     292     331     318
     568     304     296     273
     569     273     296     260
     570     260     296     292
     571      51      61      75
     572      76     110     102
     573     102     126     103
     574     128     106     105
     575     415     398     431
     576     415     431     454
     577     431     398     395
     578     398     367     395
     579     428     399     400
     580      76      60      50
     581     273     260     233
     582     240     273     233
     583     260     292     241
     584     260     241     230
     585     233     260     230
     586     241     211     201
     587     211     241     246
     588     241     201     230
     589     363     328     361
     590     363     361     393
     591     363     393     395
     592     367     363     395
     593     254     287     272
     594     206     240     233
     595      26      11       3
     596      30       3       9
     597      26       3      30
     598      34      17      11
     599      26      34      11
     600      35      25      17
     601      35      17      34
     602      52      42      25
     603      35      52      25
     604      74      58      42
     605      52      74      42
     606      99      82      58
     607      99      58      74
     608     117     114      82
     609     117      82      99
     610     144     148     114
     611     117     144     114
     612     177     185     148
     613     177     148     144
     614     210     226     185
     615     177     210     185
     616     245     268     226
     617     245     226     210
     618     280     310     268
     619     245     280     268
     620     329     351     310
     621     280     329     310
     622     362     389     351
     623     362     351     329
     624     383     420     389
     625     362     383     389
     626     414     449     420
     627     383     414     420
     628     443     474     449
     629     443     449     414
     630     462     492     474
     631     443     462     474
     632     475     506     492
     633     462     475     492
     634     487     513     506
     635     487     506     475
     636     493     519     513
     637     487     493     513
     638     495     523     519
     639     493     495     519
     640     498     517     523
     641     498     523     495
     642     499     511     517
     643     499     517     498
     644     485     504     511
     645     499     485     511
     646     484     490     504
     647     484     504     485
     648     467     472     490
     649     484     467     490
     650     441     447     472
     651     467     441     472
     652     413     418     447
     653     413     447     441
     654     392     387     418
     655     413     392     418
     656     354     349     387
     657     354     387     392
     658     323     308     349
     659     354     323     349
     660     281     266     308
     661     323     281     308
     662     253     224     266
     663     253     266     281
     664     213     183     224
     665     253     213     224
     666     173     146     183
     667     213     173     183
     668     142     112     146
     669     142     146     173
     670     123      80     112
     671     142     123     112
     672      91      56      80
     673     123      91      80
     674      67      40      56
     675      67      56      91
     676      54      23      40
     677      67      54      40
     678      44      15      23
     679      44      23      54
     680      33       9      15
     681      44      33      15
     682      30       9      33
     683      77      44      54
     684      88      54      67
     685      88      77      54
     686     442     457     475
     687     487     475     457
     688     462     442     475
     689     381     354     392
     690     381     392     413
     691     175     144     140
     692     117     140     144
     693     177     144     175
     694     165     173     202
     695     213     202     173
     696     142     173     165
     697      71      34      49
     698      26      49      34
     699      62      34      71
     700      35      34      62
     701     311     329     280
     702     311     347     329
     703     362     329     347
     704     459     485     456
     705     478     456     485
     706     484     485     459
     707     499     478     485
     708     276     281     315
     709     323     315     281
     710     250     281     276
     711     253     281     250
     712      87     115      74
     713      99      74     115
     714      52      87      74
     715     493     465     495
     716     470     495     465
     717     498     495     470
     718     403     414     371
     719     383     371     414
     720     432     414     403
     721     443     414     432
     722      59      30      33
     723      66      59      33
     724      44      66      33
     725     123     121      91
     726      88      91     121
     727      88      67      91
     728     245     210     239
     729     198     239     210
     730     198     210     177
     731     410     441     438
     732     467     438     441
     733     410     413     441
     734      49      30      59
     735      26      30      49
     736      92      59      66
     737      78      59      92
     738      78      49      59
     739     100      92      66
     740      77     100      66
     741      77      66      44
     742     131      92     100
     743     120      92     131
     744      78      92     120
     745     135     131     100
     746     116     135     100
     747      77     116     100
     748     155     120     131
     749     167     155     131
     750     135     167     131
     751     149     120     155
     752     107      78     120
     753     149     107     120
     754     195     155     167
     755     187     155     195
     756     149     155     187
     757     205     195     167
     758     176     167     135
     759     205     167     176
     760     228     187     195
     761     236     228     195
     762     205     236     195
     763     217     187     228
     764     174     149     187
     765     217     174     187
     766     269     228     236
     767     258     228     269
     768     217     228     258
     769     275     269     236
     770     251     236     205
     771     275     236     251
     772     297     258     269
     773     305     297     269
     774     275     305     269
     775     284     258     297
     776     247     258     284
     777     217     258     247
     778     337     297     305
     779     327     284     297
     780     327     297     337
     781     345     337     305
     782     316     345     305
     783     275     316     305
     784     274     247     284
     785     314     274     284
     786     327     314     284
     787     376     337     345
     788     365     337     376
     789     327     337     365
     790     234     247     274
     791     203     247     234
     792     203     217     247
     793     359     345     316
     794     385     376     345
     795     385     345     359
     796     330     359     316
     797     288     330     316
     798     288     316     275
     799     302     274     314
     800     263     234     274
     801     302     263     274
     802     302     314     344
     803     358     344     314
     804     358     314     327
     805     227     234     263
     806     193     234     227
     807     203     234     193
     808     404     365     376
     809     412     404     376
     810     385     412     376
     811     366     359     330
     812     397     359     366
     813     385     359     397
     814     338     366     330
     815     299     338     330
     816     288     299     330
     817     257     227     263
     818     295     257     263
     819     302     295     263
     820     186     193     227
     821     216     227     257
     822     216     186     227
     823     154     193     186
     824     164     193     154
     825     203     193     164
     826     372     366     338
     827     402     397     366
     828     402     366     372
     829     306     338     299
     830     342     338     306
     831     342     372     338
     832     271     306     299
     833     259     271     299
     834     288     259     299
     835     426     385     397
     836     430     426     397
     837     402     430     397
     838     283     257     295
     839     239     257     283
     840     216     257     239
     841     326     283     295
     842     336     326     295
     843     302     336     295
     844     396     365     404
     845     358     365     396
     846     358     327     365
     847     429     396     404
     848     440     429     404
     849     440     404     412
     850     423     396     429
     851     384     396     423
     852     358     396     384
     853     457     423     429
     854     465     457     429
     855     440     465     429
     856     426     412     385
     857     445     412     426
     858     445     440     412
     859     276     306     271
     860     315     342     306
     861     276     315     306
     862     229     271     259
     863     237     271     229
     864     276     271     237
     865     218     229     259
     866     251     218     259
     867     288     251     259
     868     196     237     229
     869     188     229     218
     870     196     229     188
     871     250     276     237
     872     202     250     237
     873     202     237     196
     874     411     384     423
     875     442     411     423
     876     442     423     457
     877     375     384     411
     878     344     384     375
     879     358     384     344
     880     140     154     186
     881     175     140     186
     882     175     186     216
     883     127     164     154
     884     115     127     154
     885     140     115     154
     886     134     164     127
     887     174     164     134
     888     203     164     174
     889      97     134     127
     890      87      97     127
     891      87     127     115
     892     403     375     411
     893     432     403     411
     894     442     432     411
     895     371     336     375
     896     344     375     336
     897     403     371     375
     898     107     134      97
     899     149     134     107
     900     174     134     149
     901      62      71      97
     902     107      97      71
     903      87      62      97
     904     176     188     218
     905     205     176     218
     906     251     205     218
     907     176     150     188
     908     156     188     150
     909     196     188     156
     910     381     372     342
     911     410     402     372
     912     381     410     372
     913     311     283     326
     914     280     239     283
     915     311     280     283
     916     371     326     336
     917     347     326     371
     918     311     326     347
     919     140      99     115
     920     493     457     465
     921     487     457     493
     922     440     470     465
     923     245     239     280
     924     198     216     239
     925      71      49      78
     926     107      71      78
     927      52      62      87
     928      35      62      52
     929     117      99     140
     930     478     498     470
     931     445     470     440
     932     478     470     445
     933     150     135     116
     934     176     135     150
     935     121     150     116
     936      88     121     116
     937      88     116      77
     938     121     156     150
     939     165     196     156
     940     123     156     121
     941     165     156     123
     942     203     174     217
     943     288     275     251
     944     302     344     336
     945     383     347     371
     946     362     347     383
     947     456     426     430
     948     445     426     456
     949     459     456     430
     950     438     430     402
     951     459     430     438
     952     478     445     456
     953     198     175     216
     954     354     342     315
     955     381     342     354
     956     354     315     323
     957     213     250     202
     958     253     250     213
     959     410     438     402
     960     165     202     196
     961     467     459     438
     962     499     498     478
     963     198     177     175
     964     142     165     123
     965     484     459     467
     966     462     432     442
     967     443     432     462
     968     381     413     410
     969     153     158     179
     970     157     153     190
     971     190     153     179
     972     158     180     191
     973     179     158     191
     974     180     208     215
     975     180     215     191
     976     208     249     232
     977     215     208     232
     978     249     286     264
     979     249     264     232
     980     286     325     298
     981     264     286     298
     982     325     357     319
     983     325     319     298
     984     357     374     343
     985     319     357     343
     986     374     382     355
     987     343     374     355
     988     382     373     346
     989     382     346     355
     990     373     356     339
     991     346     373     339
     992     356     324     320
     993     356     320     339
     994     324     285     300
     995     320     324     300
     996     285     248     262
     997     285     262     300
     998     248     207     231
     999     262     248     231
    1000     207     178     214
    1001     207     214     231
    1002     178     157     192
    1003     214     178     192
    1004     157     190     192
    1005     320     317     339
    1006     317     320     294
    1007     320     300     294
    1008     212     215     242
    1009     215     212     191
    1010     242     215     232
    1011     282     319     321
    1012     319     282     298
    1013     321     319     343
    1014     221     214     192
    1015     214     221     238
    1016     231     214     238
    1017     190     179     212
    1018     190     212     221
    1019     190     221     192
    1020     321     346     317
    1021     346     321     355
    1022     317     346     339
    1023     264     282     242
    1024     282     264     298
    1025     264     242     232
    1026     262     261     294
    1027     261     262     238
    1028     300     262     294
    1029     262     231     238
    1030     212     179     191
    1031     221     212     256
    1032     256     212     242
    1033     221     256     261
    1034     221     261     238
    1035     261     256     293
    1036     293     256     282
    1037     282     256     242
    1038     261     293     294
    1039     293     282     321
    1040     293     321     317
    1041     293     317     294
    1042     321     343     355
*RETURN
